2 10 1000100111111000011101110100001111111100000100000000011111111000000000000011011011100001000000010000000001
10 2 -508975213001945137631654
16 10 7ACF90B2DDDA21F
2 16 110111111111100010101011110001110000000001111000000100000001110110111111100000110101
2 1100000000100001010100100011001 - 111010001110100010001000101011110
10 82759251289 << 15
10 9182751025125125682759251289 >> 30
10 33116571903429 / 23
16 A03A6EC19 * 6C95E43AF
10 7897610 rol 5
10 252723520 ror 5
16 F52A96C ^ B1682CF
2 1001010111001101110 & 1011101101101101101
10 92949214091252 | 300000006120
10 ~569012376128529